{
    "camera_angle_x": 0.6911112070083618,
    "frames": [
        {
            "file_path": "r_0",
            "rotation": 0.06283185307179587,
            "transform_matrix": [
                [
                    0.9373425841331482,
                    0.23003903031349182,
                    -0.26166945695877075,
                    -1.0548232793807983
                ],
                [
                    -0.3484090566635132,
                    0.6188856959342957,
                    -0.7039826512336731,
                    -2.8378448486328125
                ],
                [
                    -1.4901161193847656e-08,
                    0.7510408163070679,
                    0.6602556109428406,
                    2.6615755558013916
                ],
                [
                    0.0,
                    0.0,
                    0.0,
                    1.0
                ]
            ],
            "scale": 0.02
        },
        {
            "file_path": "r_1",
            "rotation": 0.06283185307179587,
            "transform_matrix": [
                [
                    0.9932827353477478,
                    0.07784070074558258,
                    -0.08561713993549347,
                    -0.3451337516307831
                ],
                [
                    -0.11571288853883743,
                    0.6681867837905884,
                    -0.7349399924278259,
                    -2.9626381397247314
                ],
                [
                    0.0,
                    0.7399102449417114,
                    0.6727055311203003,
                    2.7117629051208496
                ],
                [
                    0.0,
                    0.0,
                    0.0,
                    1.0
                ]
            ],
            "scale": 0.02
        },
        {
            "file_path": "r_2",
            "rotation": 0.06283185307179587,
            "transform_matrix": [
                [
                    0.29451048374176025,
                    0.31923019886016846,
                    -0.9007528424263,
                    -3.6310508251190186
                ],
                [
                    -0.9556482434272766,
                    0.0983799621462822,
                    -0.27759286761283875,
                    -1.1190125942230225
                ],
                [
                    0.0,
                    0.9425567984580994,
                    0.33404573798179626,
                    1.3465814590454102
                ],
                [
                    0.0,
                    0.0,
                    0.0,
                    1.0
                ]
            ],
            "scale": 0.02
        },
        {
            "file_path": "r_3",
            "rotation": 0.06283185307179587,
            "transform_matrix": [
                [
                    0.6130116581916809,
                    -0.14490078389644623,
                    0.7766726016998291,
                    3.1308677196502686
                ],
                [
                    0.7900739312171936,
                    0.11242729425430298,
                    -0.6026136875152588,
                    -2.429213762283325
                ],
                [
                    0.0,
                    0.983038067817688,
                    0.18340153992176056,
                    0.7393153309822083
                ],
                [
                    0.0,
                    0.0,
                    0.0,
                    1.0
                ]
            ],
            "scale": 0.02
        },
        {
            "file_path": "r_4",
            "rotation": 0.06283185307179587,
            "transform_matrix": [
                [
                    -0.9862157106399536,
                    -0.13308560848236084,
                    0.09831958264112473,
                    0.39633890986442566
                ],
                [
                    0.16546456515789032,
                    -0.7932279706001282,
                    0.586012601852417,
                    2.3622922897338867
                ],
                [
                    -7.4505797087454084e-09,
                    0.5942032933235168,
                    0.8043149709701538,
                    3.242297410964966
                ],
                [
                    0.0,
                    0.0,
                    0.0,
                    1.0
                ]
            ],
            "scale": 0.02
        },
        {
            "file_path": "r_5",
            "rotation": 0.06283185307179587,
            "transform_matrix": [
                [
                    0.8334332704544067,
                    0.47015535831451416,
                    -0.29041847586631775,
                    -1.1707143783569336
                ],
                [
                    -0.552619993686676,
                    0.709064245223999,
                    -0.4379943013191223,
                    -1.7656115293502808
                ],
                [
                    0.0,
                    0.5255300402641296,
                    0.8507749438285828,
                    3.4295835494995117
                ],
                [
                    0.0,
                    0.0,
                    0.0,
                    1.0
                ]
            ],
            "scale": 0.02
        },
        {
            "file_path": "r_6",
            "rotation": 0.06283185307179587,
            "transform_matrix": [
                [
                    0.14759191870689392,
                    0.39895838499069214,
                    -0.9050130844116211,
                    -3.6482245922088623
                ],
                [
                    -0.9890483617782593,
                    0.05953504145145416,
                    -0.1350516527891159,
                    -0.5444107055664062
                ],
                [
                    0.0,
                    0.9150342345237732,
                    0.4033759832382202,
                    1.6260607242584229
                ],
                [
                    0.0,
                    0.0,
                    0.0,
                    1.0
                ]
            ],
            "scale": 0.02
        },
        {
            "file_path": "r_7",
            "rotation": 0.06283185307179587,
            "transform_matrix": [
                [
                    0.5114836692810059,
                    -0.6178057193756104,
                    0.5972439646720886,
                    2.4075677394866943
                ],
                [
                    0.8592929244041443,
                    0.36774134635925293,
                    -0.3555022180080414,
                    -1.4330754280090332
                ],
                [
                    1.4901161193847656e-08,
                    0.6950412392616272,
                    0.7189697623252869,
                    2.8982601165771484
                ],
                [
                    0.0,
                    0.0,
                    0.0,
                    1.0
                ]
            ],
            "scale": 0.02
        },
        {
            "file_path": "r_8",
            "rotation": 0.06283185307179587,
            "transform_matrix": [
                [
                    -0.9026011228561401,
                    -0.08379634469747543,
                    0.42224347591400146,
                    1.702117919921875
                ],
                [
                    0.43047815561294556,
                    -0.17569921910762787,
                    0.8853352069854736,
                    3.5689003467559814
                ],
                [
                    0.0,
                    0.9808710217475891,
                    0.1946587860584259,
                    0.7846946716308594
                ],
                [
                    0.0,
                    0.0,
                    0.0,
                    1.0
                ]
            ],
            "scale": 0.02
        },
        {
            "file_path": "r_9",
            "rotation": 0.06283185307179587,
            "transform_matrix": [
                [
                    0.5815697312355042,
                    -0.1751537024974823,
                    0.794416606426239,
                    3.2023959159851074
                ],
                [
                    0.8134966492652893,
                    0.12521758675575256,
                    -0.5679293870925903,
                    -2.2893967628479004
                ],
                [
                    7.450582373280668e-09,
                    0.9765457510948181,
                    0.21530967950820923,
                    0.86794114112854
                ],
                [
                    0.0,
                    0.0,
                    0.0,
                    1.0
                ]
            ],
            "scale": 0.02
        },
        {
            "file_path": "r_10",
            "rotation": 0.06283185307179587,
            "transform_matrix": [
                [
                    -0.9385443925857544,
                    -0.2574142515659332,
                    0.22993920743465424,
                    0.9269145727157593
                ],
                [
                    0.3451581299304962,
                    -0.6999537348747253,
                    0.6252443790435791,
                    2.5204408168792725
                ],
                [
                    -1.4901159417490817e-08,
                    0.6661851406097412,
                    0.7457864284515381,
                    3.006361246109009
                ],
                [
                    0.0,
                    0.0,
                    0.0,
                    1.0
                ]
            ],
            "scale": 0.02
        },
        {
            "file_path": "r_11",
            "rotation": 0.06283185307179587,
            "transform_matrix": [
                [
                    -0.5916029810905457,
                    0.5139341354370117,
                    -0.6211903095245361,
                    -2.5040981769561768
                ],
                [
                    -0.8062294125556946,
                    -0.3771197199821472,
                    0.4558231830596924,
                    1.83748197555542
                ],
                [
                    -1.4901161193847656e-08,
                    0.7704882025718689,
                    0.6374541521072388,
                    2.569659948348999
                ],
                [
                    0.0,
                    0.0,
                    0.0,
                    1.0
                ]
            ],
            "scale": 0.02
        },
        {
            "file_path": "r_12",
            "rotation": 0.06283185307179587,
            "transform_matrix": [
                [
                    0.9755322933197021,
                    0.16388094425201416,
                    -0.14656002819538116,
                    -0.5908023118972778
                ],
                [
                    -0.21985632181167603,
                    0.7271619439125061,
                    -0.6503067016601562,
                    -2.621469736099243
                ],
                [
                    0.0,
                    0.6666170954704285,
                    0.7454002499580383,
                    3.0048041343688965
                ],
                [
                    0.0,
                    0.0,
                    0.0,
                    1.0
                ]
            ],
            "scale": 0.02
        },
        {
            "file_path": "r_13",
            "rotation": 0.06283185307179587,
            "transform_matrix": [
                [
                    0.45076820254325867,
                    0.15451431274414062,
                    -0.8791661858558655,
                    -3.544032573699951
                ],
                [
                    -0.892641007900238,
                    0.07802704721689224,
                    -0.4439636468887329,
                    -1.7896748781204224
                ],
                [
                    7.450580596923828e-09,
                    0.9849045276641846,
                    0.17309792339801788,
                    0.6977801322937012
                ],
                [
                    0.0,
                    0.0,
                    0.0,
                    1.0
                ]
            ],
            "scale": 0.02
        },
        {
            "file_path": "r_14",
            "rotation": 0.06283185307179587,
            "transform_matrix": [
                [
                    0.09714563935995102,
                    -0.5031735301017761,
                    0.8587077260017395,
                    3.461561679840088
                ],
                [
                    0.9952701926231384,
                    0.04911341518163681,
                    -0.08381614834070206,
                    -0.3378736972808838
                ],
                [
                    0.0,
                    0.8627885580062866,
                    0.50556480884552,
                    2.037997007369995
                ],
                [
                    0.0,
                    0.0,
                    0.0,
                    1.0
                ]
            ],
            "scale": 0.02
        },
        {
            "file_path": "r_15",
            "rotation": 0.06283185307179587,
            "transform_matrix": [
                [
                    -0.31185537576675415,
                    0.9375227093696594,
                    -0.15426403284072876,
                    -0.6218582391738892
                ],
                [
                    -0.9501295685768127,
                    -0.307717502117157,
                    0.05063316598534584,
                    0.2041088342666626
                ],
                [
                    0.0,
                    0.1623610258102417,
                    0.9867313504219055,
                    3.9776415824890137
                ],
                [
                    0.0,
                    0.0,
                    0.0,
                    1.0
                ]
            ],
            "scale": 0.02
        },
        {
            "file_path": "r_16",
            "rotation": 0.06283185307179587,
            "transform_matrix": [
                [
                    -0.6906625628471375,
                    -0.20503100752830505,
                    0.6935036778450012,
                    2.795602798461914
                ],
                [
                    0.7231770157814026,
                    -0.19581268727779388,
                    0.6623233556747437,
                    2.6699109077453613
                ],
                [
                    -1.4901160305669237e-08,
                    0.9589680433273315,
                    0.28351420164108276,
                    1.1428823471069336
                ],
                [
                    0.0,
                    0.0,
                    0.0,
                    1.0
                ]
            ],
            "scale": 0.02
        },
        {
            "file_path": "r_17",
            "rotation": 0.06283185307179587,
            "transform_matrix": [
                [
                    -0.9774635434150696,
                    -0.21087957918643951,
                    0.009745107032358646,
                    0.03928378224372864
                ],
                [
                    0.21110466122627258,
                    -0.9764214158058167,
                    0.04512210562825203,
                    0.1818930208683014
                ],
                [
                    9.31322685637781e-10,
                    0.04616145044565201,
                    0.9989339709281921,
                    4.02683162689209
                ],
                [
                    0.0,
                    0.0,
                    0.0,
                    1.0
                ]
            ],
            "scale": 0.02
        },
        {
            "file_path": "r_18",
            "rotation": 0.06283185307179587,
            "transform_matrix": [
                [
                    0.469333291053772,
                    0.7931079268455505,
                    -0.3882087469100952,
                    -1.5649194717407227
                ],
                [
                    -0.8830212354660034,
                    0.42154359817504883,
                    -0.20633624494075775,
                    -0.8317680358886719
                ],
                [
                    0.0,
                    0.4396369755268097,
                    0.8981755375862122,
                    3.620661497116089
                ],
                [
                    0.0,
                    0.0,
                    0.0,
                    1.0
                ]
            ],
            "scale": 0.02
        },
        {
            "file_path": "r_19",
            "rotation": 0.06283185307179587,
            "transform_matrix": [
                [
                    -0.42844879627227783,
                    0.41091039776802063,
                    -0.8047261834144592,
                    -3.243955135345459
                ],
                [
                    -0.9035661220550537,
                    -0.1948435753583908,
                    0.3815813362598419,
                    1.5382037162780762
                ],
                [
                    1.4901161193847656e-08,
                    0.8906114101409912,
                    0.4547651410102844,
                    1.8332170248031616
                ],
                [
                    0.0,
                    0.0,
                    0.0,
                    1.0
                ]
            ],
            "scale": 0.02
        },
        {
            "file_path": "r_20",
            "rotation": 0.06283185307179587,
            "transform_matrix": [
                [
                    -0.5517740249633789,
                    -0.6882185935974121,
                    0.4710632264614105,
                    1.8989167213439941
                ],
                [
                    0.8339937925338745,
                    -0.4553285241127014,
                    0.31165751814842224,
                    1.2563318014144897
                ],
                [
                    1.4901162970204496e-08,
                    0.5648283362388611,
                    0.8252083659172058,
                    3.326521635055542
                ],
                [
                    0.0,
                    0.0,
                    0.0,
                    1.0
                ]
            ],
            "scale": 0.02
        },
        {
            "file_path": "r_21",
            "rotation": 0.06283185307179587,
            "transform_matrix": [
                [
                    -0.9961179494857788,
                    0.022959072142839432,
                    -0.08498213440179825,
                    -0.34257394075393677
                ],
                [
                    -0.08802887052297592,
                    -0.2598004639148712,
                    0.9616416096687317,
                    3.8765013217926025
                ],
                [
                    0.0,
                    0.9653893709182739,
                    0.2608129382133484,
                    1.051370620727539
                ],
                [
                    0.0,
                    0.0,
                    0.0,
                    1.0
                ]
            ],
            "scale": 0.02
        },
        {
            "file_path": "r_22",
            "rotation": 0.06283185307179587,
            "transform_matrix": [
                [
                    -0.892831563949585,
                    -0.1640581339597702,
                    0.4194481074810028,
                    1.6908495426177979
                ],
                [
                    0.4503907561302185,
                    -0.3252204358577728,
                    0.8314924836158752,
                    3.351853609085083
                ],
                [
                    0.0,
                    0.9312983751296997,
                    0.3642573058605194,
                    1.4683682918548584
                ],
                [
                    0.0,
                    0.0,
                    0.0,
                    1.0
                ]
            ],
            "scale": 0.02
        },
        {
            "file_path": "r_23",
            "rotation": 0.06283185307179587,
            "transform_matrix": [
                [
                    0.5241492390632629,
                    -0.10762003809213638,
                    0.8447990417480469,
                    3.405493974685669
                ],
                [
                    0.8516263961791992,
                    0.06623674929141998,
                    -0.5199472308158875,
                    -2.0959744453430176
                ],
                [
                    -3.725290298461914e-09,
                    0.9919831156730652,
                    0.12637001276016235,
                    0.5094138383865356
                ],
                [
                    0.0,
                    0.0,
                    0.0,
                    1.0
                ]
            ],
            "scale": 0.02
        },
        {
            "file_path": "r_24",
            "rotation": 0.06283185307179587,
            "transform_matrix": [
                [
                    -0.2102038860321045,
                    0.7832696437835693,
                    -0.585066556930542,
                    -2.3584787845611572
                ],
                [
                    -0.9776576161384583,
                    -0.16840897500514984,
                    0.12579379975795746,
                    0.5070910453796387
                ],
                [
                    7.450581485102248e-09,
                    0.5984371304512024,
                    0.801169753074646,
                    3.229618549346924
                ],
                [
                    0.0,
                    0.0,
                    0.0,
                    1.0
                ]
            ],
            "scale": 0.02
        },
        {
            "file_path": "r_25",
            "rotation": 0.06283185307179587,
            "transform_matrix": [
                [
                    -0.27435004711151123,
                    0.4569508135318756,
                    -0.8461251854896545,
                    -3.4108400344848633
                ],
                [
                    -0.9616298675537109,
                    -0.13036666810512543,
                    0.2413969337940216,
                    0.9731022119522095
                ],
                [
                    0.0,
                    0.8798865079879761,
                    0.4751836955547333,
                    1.9155268669128418
                ],
                [
                    0.0,
                    0.0,
                    0.0,
                    1.0
                ]
            ],
            "scale": 0.02
        },
        {
            "file_path": "r_26",
            "rotation": 0.06283185307179587,
            "transform_matrix": [
                [
                    0.9689323902130127,
                    -0.24254710972309113,
                    0.048384346067905426,
                    0.19504353404045105
                ],
                [
                    0.24732600152492523,
                    0.950210452079773,
                    -0.18955208361148834,
                    -0.7641088962554932
                ],
                [
                    -3.725290742551124e-09,
                    0.19562970101833344,
                    0.9806777834892273,
                    3.9532384872436523
                ],
                [
                    0.0,
                    0.0,
                    0.0,
                    1.0
                ]
            ],
            "scale": 0.02
        },
        {
            "file_path": "r_27",
            "rotation": 0.06283185307179587,
            "transform_matrix": [
                [
                    0.7145941257476807,
                    -0.5271359086036682,
                    0.4598727226257324,
                    1.8538062572479248
                ],
                [
                    0.6995393633842468,
                    0.5384804010391235,
                    -0.4697696268558502,
                    -1.8937019109725952
                ],
                [
                    0.0,
                    0.6573936343193054,
                    0.7535473704338074,
                    3.037646532058716
                ],
                [
                    0.0,
                    0.0,
                    0.0,
                    1.0
                ]
            ],
            "scale": 0.02
        },
        {
            "file_path": "r_28",
            "rotation": 0.06283185307179587,
            "transform_matrix": [
                [
                    -0.6043521165847778,
                    -0.10121950507164001,
                    0.7902613282203674,
                    3.185645580291748
                ],
                [
                    0.7967173457145691,
                    -0.07678034156560898,
                    0.599454939365387,
                    2.416480302810669
                ],
                [
                    0.0,
                    0.9918968081474304,
                    0.12704569101333618,
                    0.5121375918388367
                ],
                [
                    0.0,
                    0.0,
                    0.0,
                    1.0
                ]
            ],
            "scale": 0.02
        },
        {
            "file_path": "r_29",
            "rotation": 0.06283185307179587,
            "transform_matrix": [
                [
                    -0.82631915807724,
                    -0.4915103614330292,
                    0.27498042583465576,
                    1.1084816455841064
                ],
                [
                    0.5632021427154541,
                    -0.72113436460495,
                    0.40344589948654175,
                    1.626342535018921
                ],
                [
                    0.0,
                    0.48824456334114075,
                    0.8727067708969116,
                    3.517993688583374
                ],
                [
                    0.0,
                    0.0,
                    0.0,
                    1.0
                ]
            ],
            "scale": 0.02
        },
        {
            "file_path": "r_30",
            "rotation": 0.06283185307179587,
            "transform_matrix": [
                [
                    -0.8969210386276245,
                    0.3056182265281677,
                    -0.3195781409740448,
                    -1.288260817527771
                ],
                [
                    -0.4421907961368561,
                    -0.6199029684066772,
                    0.6482186913490295,
                    2.613053321838379
                ],
                [
                    1.4901161193847656e-08,
                    0.7227155566215515,
                    0.6911455392837524,
                    2.7860970497131348
                ],
                [
                    0.0,
                    0.0,
                    0.0,
                    1.0
                ]
            ],
            "scale": 0.02
        },
        {
            "file_path": "r_31",
            "rotation": 0.06283185307179587,
            "transform_matrix": [
                [
                    -0.14874210953712463,
                    0.8671234846115112,
                    -0.4753657579421997,
                    -1.9162607192993164
                ],
                [
                    -0.9888760447502136,
                    -0.13042867183685303,
                    0.07150229811668396,
                    0.28823497891426086
                ],
                [
                    -3.725290298461914e-09,
                    0.4807131886482239,
                    0.8768778443336487,
                    3.5348076820373535
                ],
                [
                    0.0,
                    0.0,
                    0.0,
                    1.0
                ]
            ],
            "scale": 0.02
        },
        {
            "file_path": "r_32",
            "rotation": 0.06283185307179587,
            "transform_matrix": [
                [
                    0.980241060256958,
                    0.13301685452461243,
                    -0.1464039832353592,
                    -0.5901733040809631
                ],
                [
                    -0.19780704379081726,
                    0.6591706275939941,
                    -0.7255111336708069,
                    -2.924628973007202
                ],
                [
                    0.0,
                    0.7401354312896729,
                    0.672457754611969,
                    2.710763931274414
                ],
                [
                    0.0,
                    0.0,
                    0.0,
                    1.0
                ]
            ],
            "scale": 0.02
        },
        {
            "file_path": "r_33",
            "rotation": 0.06283185307179587,
            "transform_matrix": [
                [
                    -0.6784553527832031,
                    0.24573342502117157,
                    -0.6923245787620544,
                    -2.7908496856689453
                ],
                [
                    -0.7346414923667908,
                    -0.22693945467472076,
                    0.639374852180481,
                    2.577402353286743
                ],
                [
                    1.4901161193847656e-08,
                    0.9423976540565491,
                    0.33449429273605347,
                    1.3483896255493164
                ],
                [
                    0.0,
                    0.0,
                    0.0,
                    1.0
                ]
            ],
            "scale": 0.02
        },
        {
            "file_path": "r_34",
            "rotation": 0.06283185307179587,
            "transform_matrix": [
                [
                    -0.1936614215373993,
                    0.8003873229026794,
                    -0.5673405528068542,
                    -2.287022829055786
                ],
                [
                    -0.9810684323310852,
                    -0.15799522399902344,
                    0.11199215799570084,
                    0.4514548182487488
                ],
                [
                    0.0,
                    0.5782883167266846,
                    0.8158323168754578,
                    3.2887253761291504
                ],
                [
                    0.0,
                    0.0,
                    0.0,
                    1.0
                ]
            ],
            "scale": 0.02
        },
        {
            "file_path": "r_35",
            "rotation": 0.06283185307179587,
            "transform_matrix": [
                [
                    -0.9816631078720093,
                    -0.17172755300998688,
                    0.08274812251329422,
                    0.33356839418411255
                ],
                [
                    0.19062425196170807,
                    -0.8843502402305603,
                    0.4261303246021271,
                    1.717786431312561
                ],
                [
                    7.450580596923828e-09,
                    0.4340903162956238,
                    0.9008693099021912,
                    3.6315205097198486
                ],
                [
                    0.0,
                    0.0,
                    0.0,
                    1.0
                ]
            ],
            "scale": 0.02
        },
        {
            "file_path": "r_36",
            "rotation": 0.06283185307179587,
            "transform_matrix": [
                [
                    0.1431301385164261,
                    0.769563615322113,
                    -0.6223226189613342,
                    -2.5086629390716553
                ],
                [
                    -0.9897039532661438,
                    0.11129363626241684,
                    -0.08999977260828018,
                    -0.3628007173538208
                ],
                [
                    0.0,
                    0.6287968754768372,
                    0.7775695323944092,
                    3.1344833374023438
                ],
                [
                    0.0,
                    0.0,
                    0.0,
                    1.0
                ]
            ],
            "scale": 0.02
        },
        {
            "file_path": "r_37",
            "rotation": 0.06283185307179587,
            "transform_matrix": [
                [
                    0.3644247055053711,
                    -0.677304208278656,
                    0.6391037702560425,
                    2.5763096809387207
                ],
                [
                    0.9312329292297363,
                    0.26505333185195923,
                    -0.2501041293144226,
                    -1.0082019567489624
                ],
                [
                    -1.4901161193847656e-08,
                    0.6862985491752625,
                    0.7273198962211609,
                    2.931920289993286
                ],
                [
                    0.0,
                    0.0,
                    0.0,
                    1.0
                ]
            ],
            "scale": 0.02
        },
        {
            "file_path": "r_38",
            "rotation": 0.06283185307179587,
            "transform_matrix": [
                [
                    -0.18734534084796906,
                    -0.23958681523799896,
                    0.9526278972625732,
                    3.840165615081787
                ],
                [
                    0.9822940826416016,
                    -0.045694537460803986,
                    0.18168732523918152,
                    0.7324050068855286
                ],
                [
                    3.7252898543727042e-09,
                    0.9697990417480469,
                    0.24390536546707153,
                    0.9832139015197754
                ],
                [
                    0.0,
                    0.0,
                    0.0,
                    1.0
                ]
            ],
            "scale": 0.02
        },
        {
            "file_path": "r_39",
            "rotation": 0.06283185307179587,
            "transform_matrix": [
                [
                    0.5400988459587097,
                    0.6220927834510803,
                    -0.5668278336524963,
                    -2.2849559783935547
                ],
                [
                    -0.841601550579071,
                    0.3992288410663605,
                    -0.3637624979019165,
                    -1.4663735628128052
                ],
                [
                    0.0,
                    0.6735108494758606,
                    0.7391772866249084,
                    2.9797189235687256
                ],
                [
                    0.0,
                    0.0,
                    0.0,
                    1.0
                ]
            ],
            "scale": 0.02
        },
        {
            "file_path": "r_40",
            "rotation": 0.06283185307179587,
            "transform_matrix": [
                [
                    -0.4990222454071045,
                    0.5924696922302246,
                    -0.63242107629776,
                    -2.5493712425231934
                ],
                [
                    -0.8665891885757446,
                    -0.341171532869339,
                    0.3641773760318756,
                    1.4680460691452026
                ],
                [
                    -1.4901161193847656e-08,
                    0.729781985282898,
                    0.6836798787117004,
                    2.7560019493103027
                ],
                [
                    0.0,
                    0.0,
                    0.0,
                    1.0
                ]
            ],
            "scale": 0.02
        },
        {
            "file_path": "r_41",
            "rotation": 0.06283185307179587,
            "transform_matrix": [
                [
                    0.8906629681587219,
                    0.1286790668964386,
                    -0.4360748529434204,
                    -1.7578741312026978
                ],
                [
                    -0.45466431975364685,
                    0.2520753741264343,
                    -0.8542471528053284,
                    -3.4435806274414062
                ],
                [
                    7.450581485102248e-09,
                    0.9591140151023865,
                    0.28301993012428284,
                    1.1408900022506714
                ],
                [
                    0.0,
                    0.0,
                    0.0,
                    1.0
                ]
            ],
            "scale": 0.02
        },
        {
            "file_path": "r_42",
            "rotation": 0.06283185307179587,
            "transform_matrix": [
                [
                    -0.7470300793647766,
                    0.29574915766716003,
                    -0.595380961894989,
                    -2.400057554244995
                ],
                [
                    -0.6647902727127075,
                    -0.3323356807231903,
                    0.6690342426300049,
                    2.6969635486602783
                ],
                [
                    -1.4901159417490817e-08,
                    0.8955923318862915,
                    0.4448758363723755,
                    1.7933520078659058
                ],
                [
                    0.0,
                    0.0,
                    0.0,
                    1.0
                ]
            ],
            "scale": 0.02
        },
        {
            "file_path": "r_43",
            "rotation": 0.06283185307179587,
            "transform_matrix": [
                [
                    -0.4903721809387207,
                    0.7024908661842346,
                    -0.5157923698425293,
                    -2.079225540161133
                ],
                [
                    -0.8715132474899292,
                    -0.3952687978744507,
                    0.29021960496902466,
                    1.1699126958847046
                ],
                [
                    -1.4901162970204496e-08,
                    0.5918354392051697,
                    0.8060588240623474,
                    3.2493269443511963
                ],
                [
                    0.0,
                    0.0,
                    0.0,
                    1.0
                ]
            ],
            "scale": 0.02
        },
        {
            "file_path": "r_44",
            "rotation": 0.06283185307179587,
            "transform_matrix": [
                [
                    0.7992513179779053,
                    0.13010060787200928,
                    -0.5867462158203125,
                    -2.3652496337890625
                ],
                [
                    -0.6009968519210815,
                    0.173017680644989,
                    -0.7802996635437012,
